image_width: 640
image_height: 480
camera_name: depth_PS1080_PrimeSense
camera_matrix:
  rows: 3
  cols: 3
  data: [585.187492217609, 0, 322.714077555293, 0, 585.308616340665, 248.626108676666, 0, 0, 1]
distortion_model: plumb_bob
distortion_coefficients:
  rows: 1
  cols: 5
  data: [-0.0222338148491916, 0.0116684743046118, 0.00257769930595645, 0.00020228448894953, 0]
rectification_matrix:
  rows: 3
  cols: 3
  data: [1, 0, 0, 0, 1, 0, 0, 0, 1]
projection_matrix:
  rows: 3
  cols: 4
  data: [581.227233886719, 0, 322.346025847084, 0, 0, 581.930114746094, 248.930556394636, 0, 0, 0, 1, 0]
