image_width: 640
image_height: 480
camera_name: rgb_PS1080_PrimeSense
camera_matrix:
  rows: 3
  cols: 3
  data: [542.3876, 0, 317.445138, 0, 542.273623, 231.134018, 0, 0, 1]
distortion_model: plumb_bob
distortion_coefficients:
  rows: 1
  cols: 5
  data: [0.038232, -0.119156, 0.000776, 0.000266, 0]
rectification_matrix:
  rows: 3
  cols: 3
  data: [1, 0, 0, 0, 1, 0, 0, 0, 1]
projection_matrix:
  rows: 3
  cols: 4
  data: [540.916992, 0, 317.022348, 0, 0, 542.752869, 230.86987, 0, 0, 0, 1, 0]
